11111111110000000000011111111111
11111111100000000000001111111111
11111111000000000000000111111111
11111110000000000000000111111111
11111100000000000000000111111111
11111100000000010000000011111111
11111000000001111000000011111111
11111000000011111100000011111111
11110000000111111100000001111111
11110000000111111100000001111111
11110000000111111110000001111111
11110000001111111110000001111111
11110000001111111110000001111111
11110000001111111110000001111111
11110000001111111110000001111111
11110000001111111110000001111111
11110000001111111110000001111111
11110000001111111110000001111111
11110000001111111110000001111111
11110000001111111110000001111111
11110000001111111110000001111111
11110000001111111100000001111111
11110000000111111100000001111111
11111000000011111100000001111111
11111000000011111000000011111111
11111000000001110000000011111111
11111100000000000000000011111111
11111100000000000000000111111111
11111110000000000000001111111111
11111110000000000000011111111111
11111111100000000000111111111111
11111111110000000011111111111111
