11111111111111111111111111111111
11111111111111110000011111111111
11111111111111100000011111111111
11111111111111100000001111111111
11111111111111100000001111111111
11111110000011100000001111111111
11111100000011100000011111111111
11111100000011100000011111111111
11111100000011100000011111111111
11111100000011100000011111111111
11111000000011100000011111111111
11111000000011100000011111111111
11111000000011100000011111111111
11111000000111100000011111111111
11111000000111100000011111111111
11111000000111100000011111111111
11110000000111100000011111111111
11110000000111100000011111111111
11110000001111100000011111111111
11110000001111100000000000001111
11110000000000000000000000000111
11110000000000000000000000000011
11110000000000000000000000000011
11110000000000000000000000000011
11110000000000000000000000000111
11110000000000000000011111111111
11111111111111100000011111111111
11111111111111100000011111111111
11111111111111100000011111111111
11111111111111100000011111111111
11111111111111100000011111111111
11111111111111100000011111111111
