11111100000100000000000000001111
11111100000000000000000000000111
11111100000000000000000000000111
11111100000000000000000000000111
11111100000000000000000000000111
11111100000000000000000000001111
11111110000001111111111111111111
11111110000001111111111111111111
11111110000001111111111111111111
11111110000001111111111111111111
11111110000001111111111111111111
11111110000000000000000000111111
11111110000000000000000000011111
11111110000000000000000000011111
11111110000000000000000000011111
11111110000000000000000000011111
11111110000000000000000000011111
11111111000011111111100000011111
11111111111111111111100000011111
11111111111111111111100000011111
11111000001111111111100000011111
11110000000011111111100000011111
11110000000000111111000000011111
11110000000000001100000000011111
11110000000000000000000000011111
11110000000000000000000000011111
11111000000000000000000000011111
11111100000000000000000000111111
11111110000000000000000000111111
11111111100000000000000011111111
11111111111100000000001111111111
11111111111111111111111111111111
