11111111111111111111111111111111
11111111111111111111111111111111
11111111111111000001111111111111
11111110000000000000111111111111
11111000000000000000111111111111
11110000000000000000001111111111
11100000000000000000001111111111
11100000000000000000001111111111
11100000000000000000001111111111
11000000001111100000001111111111
11000000011111100000001111111111
11000000111111100000001111111111
11000000111111100000001111111111
11000000011111000000001111111111
11000000001110000000001111111111
11000000000000000000001111111111
11000000000000000000001111111111
11100000000000000000001111111111
11100000000000000000001111111111
11110000000000000000001111111111
11111100000000000000001111111111
11111111111111100000001111111111
11111111111111100000001111111111
11111111111111100000001111111111
11111111111111100000001111111111
11111111111111100000001111111111
11111111111111100000001111111111
11111111111111100000001111111111
11111111111111000000001111111111
11111111111111000000001111111111
11111111111111000000001111111111
11111111111111000000001111111111
