11111111111111111111111111111111
11111111111111111111111111111111
11111111111110011111111111111111
11111111110000000011111111111111
11111111100001000001111111111111
11111111000111111000111111111111
11111110001111111100011111111111
11111110011111111110001111111111
11111100011111111111001111111111
11111100111111111111001111111111
11111000111111111111000111111111
11111001111111111111100111111111
11111001111111111111100011111111
11111001111111111111110011111111
11110001111111111111110011111111
11110011111111111111111001111111
11110011111111111111111001111111
11110011111111111111111001111111
11110001111111111111111001111111
11111001111111111111111001111111
11111001111111111111111001111111
11111000111111111111110001111111
11111100111111111111110011111111
11111100111111111111110011111111
11111100011111111111100011111111
11111110001111111111000111111111
11111111000111111100001111111111
11111111100000010000011111111111
11111111111000000001111111111111
11111111111111000111111111111111
11111111111111111111111111111111
11111111111111111111111111111111
