11111111111000000011111111111111
11111111100000000000111111111111
11111111000000000000011111111111
11111110000000000000000111111111
11111100000000000000000011111111
11111000000000000000000001111111
11111000000000000000000000111111
11110000000000000000000000011111
11110000000000100000000000011111
11110000000001111000000000001111
11110000000011111110000000001111
11100000000011111111000000001111
11100000000111111111000000001111
11100000000111111111000000001111
11100000000111111111000000001111
11100000000111111111000000001111
11100000000111111111000000001111
11100000000111111110000000001111
11110000000011111110000000011111
11110000000011111110000000011111
11110000000011111110000000011111
11110000000011111100000000011111
11110000000011111100000000011111
11110000000000111000000000111111
11110000000000001000000000111111
11111000000000000000000001111111
11111000000000000000000001111111
11111100000000000000000011111111
11111110000000000000000011111111
11111111000000000000000111111111
11111111100000000000001111111111
11111111111100000000011111111111
