11111110110000010110110111111111
11111111001111101001111111111111
11111111011000001001000111111111
11111110010010110111111111111111
11111110010110010100100111111111
11111111100100101101101111111111
11111110101001000000011111111111
11111111101010000000001111111111
11111110010100000000001111111111
11111110100100000000000111111111
11111110010000001000000111111111
11111111010000010100000111111111
11111111100000001000001111111111
11111110100000101000001111111111
11111110000000001100000111111111
11111110110001010110001111111111
11111110010000011000001111111111
11111111100001100000000111111111
11111110000000011100001111111111
11111110100001110000000111111111
11111111100000010000000111111111
11111110000001100000001111111111
11111110100001000000101111111111
11111111010000000000110111111111
11111110110000000001000111111111
11111111001000000010110111111111
11111110100000110000000111111111
11111110110111100111011111111111
11111111010000011000100111111111
11111110011011000011001111111111
11111111001000011100110111111111
11111110101110110011011111111111
