11111111111111111111111111111111
11111111111111111111111111111111
11111111111111111111111111111111
11111111111111111111111111111111
11111111111110000111111111111111
11111111111110000111111111111111
11111111111110000111111111111111
11111111111110000111111111111111
11111111111110000111111111111111
11111111111110000111111111111111
11111111111110000111111111111111
11111111111110000111111111111111
11111111111110000111111111111111
11111111111110000111111111111111
11111111111110000111111111111111
11111111111110000111111111111111
11111111111110000111111111111111
11111111111110000111111111111111
11111111111110000111111111111111
11111111111110000111111111111111
11111111111111000111111111111111
11111111111111000011111111111111
11111111111111000011111111111111
11111111111111000011111111111111
11111111111111000011111111111111
11111111111111000011111111111111
11111111111111000011111111111111
11111111111111000011111111111111
11111111111111000111111111111111
11111111111111111111111111111111
11111111111111111111111111111111
11111111111111111111111111111111
