11111111111111111111111111111111
11111111111100000111111111111111
11111111111000000011111111111111
11111111111000000001111111111111
11111111110000000000111111111111
11111111110000000000111111111111
11111111110000000000111111111111
11111111110000000000111111111111
11111111110000000000111111111111
11111111110000000000111111111111
11111111110000000000111111111111
11111111110000000000111111111111
11111111110000000000111111111111
11111111110000000000111111111111
11111111110000000000111111111111
11111111110000000000111111111111
11111111110000000000111111111111
11111111110000000000111111111111
11111111110000000000111111111111
11111111110000000000111111111111
11111111110000000000111111111111
11111111111000000000111111111111
11111111111000000000111111111111
11111111111000000000111111111111
11111111111000000000111111111111
11111111111000000000111111111111
11111111111000000000111111111111
11111111111100000000111111111111
11111111111110000001111111111111
11111111111111000111111111111111
11111111111111111111111111111111
11111111111111111111111111111111
