11111111111111101111001111111111
11111111111111101000101111111111
11111111111111100110110111111111
11111111111111100001001111111111
11111111111111111010100111111111
11111111111111101000010111111111
11111111001000110000010111111111
11111110001100110000000111111111
11111110001100101000010111111111
11111111100000010000110111111111
11111111100011000000001111111111
11111111100111110001101111111111
11111111110110000000101111111111
11111110110000000001010111111111
11111110011101000010110111111111
11111111100011000010001111111111
11111111100111000000110111111111
11111111001100000010011111111111
11111111001000000110001111111111
11111110100010000001100111111111
11111110010000000011001111111111
11111111011000000000110111111111
11111110101100000001010111111111
11111111101000000100011111111111
11111110010110000011000111111111
11111110010001011001110111111111
11111110001110100111001111111111
11111111100110101100110111111111
11111110111110101100011111111111
11111111001001110011100111111111
11111111111111111111111111111111
11111111111111111111111111111111
