11111111111111111111111111111111
11111111111111111111111111111111
11111111111111111111111111111111
11111111111111111111111111111111
11111111111111111111111111111111
11111111111100000001111111111111
11111111111000000001111111111111
11111111110001111000111111111111
11111111100011111100111111111111
11111111100111111100111111111111
11111111111111111100111111111111
11111111111111111100111111111111
11111111111111111000111111111111
11111111111111111001111111111111
11111111111111110001111111111111
11111111111111110011111111111111
11111111111111100011111111111111
11111111111111100111111111111111
11111111111111000111111111111111
11111111111110001111111111111111
11111111111100001111111111111111
11111111111100111111111111111111
11111111110000111111000001111111
11111111100000000000000001111111
11111110000000000000011111111111
11111110000001111111111111111111
11111110011111111111111111111111
11111111111111111111111111111111
11111111111111111111111111111111
11111111111111111111111111111111
11111111111111111111111111111111
11111111111111111111111111111111
