11111111111111111111111111111111
11111111111111111111111111111111
11111111111111111111111111111111
11111111111111111111111111111111
11111111111100111111111111111111
11111111100000000011111111111111
11111110000000000001111111111111
11111100000000000000111111111111
11111100000000000000111111111111
11111100000000000000111111111111
11111100000111100000111111111111
11111110011111100000111111111111
11111111111111000000111111111111
11111111111111000000111111111111
11111111111110000001111111111111
11111111111100000011111111111111
11111111111100000011111111111111
11111111111000000111111111111111
11111111110000000111111111111111
11111111110000001111111111111111
11111111100000011111000000011111
11111111100000000000000000001111
11111111000000000000000000001111
11111110000000000000000000001111
11111110000000000000000000001111
11111111000000000000000000111111
11111111000000001111111111111111
11111111101111111111111111111111
11111111111111111111111111111111
11111111111111111111111111111111
11111111111111111111111111111111
11111111111111111111111111111111
