11111111111111111111111111111111
11111111111111111111111111111111
11111111111111111111111111111111
11111111111111111111111111111111
11111111111111111111111111111111
11010100000100100110100101010011
11001010110011010000001001011111
00001001001010000000000001000011
11101110010000000000000100011111
00100101010000000000000110000011
00000011000000000100000000110111
10110110000000000000000111000011
10001001000001100100000001011011
11111101000010011000001111111111
11111101101101101000001111111111
11111101010101010000001111111111
11111110101010100000011111111111
11111110000100000000101111111111
11111110100000000000001111111111
11111100000000000000011111111111
11111100000000000000001111111111
11111100000000000000000100010011
11111100000000001100000011000011
11111100000000101010000000111111
11111100000101010001000000100111
11111110011010011110100010110011
11111111000111110011010101110111
11111101110101011000100100010011
11111111010010000110011011001111
11111111111111111111111111111111
11111111111111111111111111111111
11111111111111111111111111111111
