11111111111111111111111111111111
11111111111111111111111111111111
11111111111111111111111111111111
11111111111111111111111111111111
00011101001010110000010111111111
11100011101100111011010111111111
00011110010110101001011111111111
11001000000000000000000111111111
11110000000000000000000111111111
00010000000000000000001111111111
11001100010011001000000111111111
00110001010101010010000111111111
11111111010110101000000000111001
11111111011100000000001100000001
11111110001000000001111111000111
11111111110000000000000001111101
11111110010000000000011000001101
11111111000101000000000111001111
11111110011000101000000001101111
11111110110010110110000001100001
11111111101011110101000000110101
11111110001011001100100000101111
11111111110000110010010001100011
11111111000001011101010001010001
11111110110000000011100001011101
11111111011000000000000001001011
11111110100000000000000001100011
11111111111011010110011010010001
11111111111111111111111111111111
11111111111111111111111111111111
11111111111111111111111111111111
11111111111111111111111111111111
