11111111111111111111111111111111
11111111111111111111111111111111
11111111111111111111111111111111
11111111111111111111111111111111
11111111111111111001111111111111
11111111111111111001111111111111
11111111111111111001111111111111
11111111111111111001111111111111
11111111110011111001111111111111
11111111110011111001111111111111
11111111110011111001111111111111
11111111110011111001111111111111
11111111110011111001111111111111
11111111110011111001111111111111
11111111100011111001111111111111
11111111100111111001111111111111
11111111100111111001111111111111
11111111100111111100000000111111
11111111100111000000000000111111
11111111100000000000111111111111
11111111100000011100111111111111
11111111111111111100111111111111
11111111111111111100111111111111
11111111111111111100111111111111
11111111111111111100111111111111
11111111111111111100111111111111
11111111111111111100111111111111
11111111111111111100111111111111
11111111111111111100111111111111
11111111111111111100111111111111
11111111111111111111111111111111
11111111111111111111111111111111
