11111111111111111111111111111111
11111111111111111111111111111111
11111111111111111000111111111111
11111111111111111000011111111111
11111111110000111000011111111111
11111111110000111000011111111111
11111111110000111000011111111111
11111111110000111000011111111111
11111111110000111000011111111111
11111111110000111000011111111111
11111111100000111000011111111111
11111111100001111000011111111111
11111111100001111000011111111111
11111111100001111000011111111111
11111111000001111000011111111111
11111111000011111000011111111111
11111111000011111000011000011111
11111111000011111000000000011111
11111110000010000000000000011111
11111110000000000000000000011111
11111110000000000000000011111111
11111110000000000000011111111111
11111110000001110000111111111111
11111111111111110000111111111111
11111111111111110000111111111111
11111111111111110000111111111111
11111111111111110000111111111111
11111111111111110000111111111111
11111111111111110000111111111111
11111111111111110000111111111111
11111111111111110000111111111111
11111111111111110000111111111111
