11111111111111111111111111111111
11111111111111111000111111111111
11111111111111110000011111111111
11111111111111110000011111111111
11111111111111110000011111111111
11111111111111110000011111111111
11111111111111110000011111111111
11111111111111110000011111111111
11111111000011110000011111111111
11111111000011110000011111111111
11111110000001110000011111111111
11111110000001110000011111111111
11111110000001110000011111111111
11111110000001110000011111111111
11111110000001110000011000011111
11111110000001110000000000001111
11111110000000000000000000001111
11111110000000000000000000001111
11111110000000000000000000001111
11111110000000000000000001111111
11111111000000000000011111111111
11111111000000110000011111111111
11111111111111110000011111111111
11111111111111110000011111111111
11111111111111110000011111111111
11111111111111110000011111111111
11111111111111110000011111111111
11111111111111110000011111111111
11111111111111110000011111111111
11111111111111110000011111111111
11111111111111111000011111111111
11111111111111111100111111111111
