11111111111111111100000111111111
11111111111111111000000011111111
11111111110001111000000001111111
11111111000000111000000001111111
11111111000000011000000001111111
11111110000000011000000001111111
11111110000000011000000001111111
11111110000000011000000001111111
11111110000000011000000001111111
11111110000000011000000001111111
11111110000000011000000001111111
11111110000000011000000001111111
11111110000000011000000001111111
11111110000000011000000000011111
11111110000000011000000000000111
11111100000000000000000000000011
11111100000000000000000000000011
11111100000000000000000000000011
11111100000000000000000000000011
11111100000000000000000000000111
11111100000000000000000000000111
11111100000000000000000000011111
11111100000000000000000001111111
11111110000000011000000001111111
11111111111111111000000001111111
11111111111111111000000001111111
11111111111111111000000001111111
11111111111111111000000001111111
11111111111111111000000001111111
11111111111111111000000001111111
11111111111111111000000001111111
11111111111111111000000001111111
