11111111111111111111111111111111
11111111111111111110001111111111
11111111111111111100000011111111
11111110011111111000000001111111
11111000000111110000000001111111
11110000000011110000000001111111
11110000000011110000000001111111
11100000000011110000000001111111
11100000000011110000000001111111
11100000000011110000000000111111
11100000000011110000000000111111
11100000000011110000000000111111
11100000000011110000000000000011
11100000000000000000000000000000
11100000000000000000000000000000
11100000000000000000000000000000
11100000000000000000000000000000
11100000000000000000000000000000
11100000000000000000000000000000
11100000000000000000000000000000
11110000000000000000000000000000
11110000000000000000000000000000
11111000000001110000000000111111
11111110011111110000000000111111
11111111111111110000000000111111
11111111111111110000000000111111
11111111111111110000000000111111
11111111111111110000000000111111
11111111111111110000000000111111
11111111111111110000000000111111
11111111111111110000000000111111
11111111111111110000000000111111
