11111111111111111111111111111111
11111111111111111111111111111111
11111111111111111111111111111111
11111111011010110110010010011001
11111111010101001000110101100011
11111111101010001111001000011101
11111111100100101000110111100111
11111110111101110111000100110011
11111111000000110000010001001101
11111111000000001101000000001101
11111110100000101010000001011011
10000000000001110100000111111111
00011101000001001010000111111111
00111100000011000000000111111111
00111000000000011110000111111111
00000000000111110000001111111111
00000000000000000000000111111111
00011000000000000000001111111111
00011111000000000100000111111111
11111111000000001100000111111111
11111111110000111010001111111111
11111110011110010010000111111111
11111111000000010110000111111111
11111111111111011100000111111111
11111110011000000000000111111111
11111111100001101000001111111111
11111111000100001000001111111111
11111111111111110100001111111111
11111111111111111110101111111111
11111111111111100011101111111111
11111111111111110100010111111111
11111111111111111101110111111111
