11111111111111111111111111111111
11111111111111111111111111111111
11111111111111111111111111111111
11111111111111111111111111111111
11111111111111111111111111111111
11111111111111111111111111111111
11111111000000000000000000111111
11111111000000000000000000111111
11111111001111111111111111111111
11111111001111111111111111111111
11111111001111111111111111111111
11111111001111111111111111111111
11111111001111111111111111111111
11111111001100000001111111111111
11111111000000000000001111111111
11111111000001111100001111111111
11111111111111111111000111111111
11111111111111111111100111111111
11111111111111111111100111111111
11111111111111111111100111111111
11111111111111111111000111111111
11111111111111111111000111111111
11111111111111111110000111111111
11111111111111111100000111111111
11111111111111110000000111111111
11111111111111110000001111111111
11111111111110000000011111111111
11111100011000000001111111111111
11111100000000000001111111111111
11111110000000000111111111111111
11111111000000011111111111111111
11111111111111111111111111111111
