11111111111111111111111111111111
11111111111111111111111111111111
11111111111111111111111111111111
11111111111111111111111111111111
11111111000000000000000011111111
11111111000000000000000000111111
11111111000000000000000000111111
11111111000000000000000000111111
11111111000011111111111011111111
11111111000011111111111111111111
11111111000011111111111111111111
11111111000011111111111111111111
11111111000011111111111111111111
11111110000111111111111111111111
11111110000111111111111111111111
11111110000000000000000011111111
11111110000000000000000011111111
11111110000000000000000011111111
11111111000000000000000001111111
11111111111111111111000001111111
11111111111111111111000011111111
11111111111111111111000001111111
11111111111111111111000001111111
11111111111111111110000001111111
11111111111111111110000001111111
11111111111111111110000001111111
11111000011111111110000001111111
11111000000111111110000001111111
11111000000000000000000001111111
11111000000000000000000011111111
11111110000000000000000011111111
11111111100000000000000111111111
