11111111111111110011110111111111
11111111111111101100011111111111
11111111111111101100110100100011
11111111111111110011000011011101
11111111111111111011001010001011
11111111111111100110000110111001
11111111111111110100111001000101
11111111111111110111100100110101
11111111111111100100000000011011
11111111111111111000000000010011
11111111110011100000000000110011
11111110011101000000110000000101
11111110010110000001010111001001
11111111101000000000000001100001
11111110110100000000001001000111
11111110011000010100000110011111
11111110110100000000001000111001
11111110101101011100000000000011
11111110000110010100010111111111
11111110000001101000011111111111
11111110000001000000100111111111
11111110000000000000011111111111
11111110000000000000100111111111
11111111101000001001011111111111
11111110010010001010100111111111
11111111001001111100010111111111
11111111111111111111111111111111
11111111111111111111111111111111
11111111111111111111111111111111
11111111111111111111111111111111
11111111111111111111111111111111
11111111111111111111111111111111
