11111111111111111111111111111111
11111111111111111111111111111111
11111111111111111111111111111111
11111111111111100011111111111111
11111111111111100011111111111111
11111111111111000111111111111111
11111111111111001111111111111111
11111111111100001111111111111111
11111111111100011111111111111111
11111111111000111111111111111111
11111111111001111111111111111111
11111111110001111111111111111111
11111111110011111111111111111111
11111111110011111111111111111111
11111111100011111111111111111111
11111111100111111111111111111111
11111111100111111111111111111111
11111111100100000000000111111111
11111111000000000000000011111111
11111111000001111111110011111111
11111111000111111111110011111111
11111111001111111111100011111111
11111111001111111111000111111111
11111111000111111110001111111111
11111111100111111100011111111111
11111111100011110000011111111111
11111111110000000001111111111111
11111111111000000111111111111111
11111111111111111111111111111111
11111111111111111111111111111111
11111111111111111111111111111111
11111111111111111111111111111111
