11111111111111100111111111111111
11111111111111000011111111111111
11111111111110000011111111111111
11111111111110000011111111111111
11111111111100000011111111111111
11111111111100000011111111111111
11111111111000000111111111111111
11111111111000001111111111111111
11111111110000001111111111111111
11111111110000001111111111111111
11111111110000011111111111111111
11111111100000011111111111111111
11111111100000111111111111111111
11111111100000111111111111111111
11111111000000000000011111111111
11111111000000000000001111111111
11111111000000000000000011111111
11111111000000000000000001111111
11111111000000000000000001111111
11111111000001111110000000111111
11111111000001111111000001111111
11111111000001111111000001111111
11111111000001111111000001111111
11111111000001111110000001111111
11111111000001111100000011111111
11111111000001111000000011111111
11111111000000000000000111111111
11111111000000000000001111111111
11111111100000000000011111111111
11111111110000000000111111111111
11111111111100000011111111111111
11111111111111111111111111111111
