11111111111111111111111111111111
11111100000100011001111111111111
11111010100101100011011111111111
11111100011010001100111111111111
11111011000101110110011111111111
11111100101000010011111111111111
11111001100000110011011111111111
11111101010001001100111111111111
11111101010011110011011111111111
11111001010010100100001110010111
11111001000001110000110011000111
11111111000000000101011001001111
11111010000001100001001100101111
11111000100010000000100111110111
11111111100111000100011011010111
11111000000000001010001101011111
11111111000000001001000101010111
11111100100100000001000101101111
11111111000010001010100110010111
11111010000000010010100010010111
11111101100000011101000110111111
11111101000000000000000111101111
11111010010000000000011001101111
11111100101000000011000110110111
11111010111100001100101011000111
11111111111111111111111111111111
11111111111111111111111111111111
11111111111111111111111111111111
11111111111111111111111111111111
11111111111111111111111111111111
11111111111111111111111111111111
11111111111111111111111111111111
