11111111111111111111111111111111
11111111111111111111111111111111
11111111111111111111111111111111
11111111111111111111111111111111
11111111111111111111111111111111
11111111111111111111111111111111
11111100000000000000000111111111
11111100000000000000000111111111
11111111111111111111000111111111
11111111111111111111001111111111
11111111111111111110011111111111
11111111111111111110011111111111
11111111111111111100011111111111
11111111111111111100111111111111
11111111111111111100111111111111
11111111111111111000111111111111
11111111111111111001111111111111
11111111111111111001111111111111
11111111111111110001111111111111
11111111111111110011111111111111
11111111111111110011111111111111
11111111111111100111111111111111
11111111111111100111111111111111
11111111111111000111111111111111
11111111111111001111111111111111
11111111111111001111111111111111
11111111111111001111111111111111
11111111111111001111111111111111
11111111111110001111111111111111
11111111111110011111111111111111
11111111111110011111111111111111
11111111111111111111111111111111
