11111111111111111111111111111111
11111111111111111111111111111111
11111111111111111111111111111111
11111110000000000000000111111111
11111110000000000000000011111111
11111110000000000000000011111111
11111110000000000000000011111111
11111111111111111111000011111111
11111111111111111110000011111111
11111111111111111110000111111111
11111111111111111100000111111111
11111111111111111100001111111111
11111111111111111100001111111111
11111111111111111000001111111111
11111111111111111000011111111111
11111111111111110000011111111111
11111111111111110000011111111111
11111111111111110000111111111111
11111111111111110000111111111111
11111111111111100000111111111111
11111111111111100001111111111111
11111111111111100001111111111111
11111111111111100001111111111111
11111111111111000001111111111111
11111111111111000011111111111111
11111111111111000011111111111111
11111111111111000011111111111111
11111111111111000011111111111111
11111111111110000111111111111111
11111111111110000111111111111111
11111111111110000111111111111111
11111111111110000111111111111111
