11111111111111111111111111111111
11111111111111111111111111111111
11111111111111111111111111111111
11111111111111111111111111111111
11111111111111111111111111111111
11111111111111111111111111111111
11111111111111111111111111111111
11111101011010100010101111111111
11111100000000000000001111111111
11111110000000000000001111111111
11111101000000000000001111111111
11111110000010100000011111111111
11111110000111010001001111111111
11111101100001000010011111111111
11111110100010100000101111111111
11111101000001000010101111111111
11111111000001000100001111111111
11111110110010000100011111111111
11111110101001000010001111111111
11111101111000000001001111111111
11111111000000000000001111111111
11111110111010000000001111111111
11111110101101000010001111111111
11111111111111000010011111111111
11111111111111000000101111111111
11111111111111000001011111111111
11111111111111010000011111111111
11111111111111010001101111111111
11111111111111101100101111111111
11111111111111101010111111111111
11111111111111001111011111111111
11111111111111111111111111111111
