11111111111111111111111111111111
11111111111111111111111111111111
11111111111000000001111111111111
11111111110000000000111111111111
11111111100011111100011111111111
11111111000111111110011111111111
11111111001111111110011111111111
11111111001111111110011111111111
11111111001111111110011111111111
11111111001111111110011111111111
11111111000111111100011111111111
11111111100001111000111111111111
11111111110000000001111111111111
11111111111100000001111111111111
11111111111111000011111111111111
11111111111111000001111111111111
11111111111110001000111111111111
11111111111000011100111111111111
11111111110000111100011111111111
11111111100001111110011111111111
11111111100111111110011111111111
11111111000111111110011111111111
11111111001111111110011111111111
11111110001111111110011111111111
11111110011111111110011111111111
11111110011111111100011111111111
11111110011111111100111111111111
11111111001111111000111111111111
11111111000111110001111111111111
11111111100000000011111111111111
11111111110000001111111111111111
11111111111111111111111111111111
