11111111111111111111111111111111
11111111111111111111111111111111
11111111111110000000111111111111
11111111110000000000001111111111
11111111100000000000000111111111
11111111000000000000000111111111
11111111000000111100000111111111
11111110000001111110000011111111
11111110000011111110000011111111
11111110000011111100000111111111
11111110000001111000000111111111
11111111000000110000001111111111
11111111100000000000001111111111
11111111100000000000011111111111
11111111110000000000111111111111
11111111111000000001111111111111
11111111110000000000111111111111
11111111000000000000011111111111
11111110000000010000001111111111
11111100000001111000001111111111
11111000000011111100001111111111
11111000000111111100001111111111
11110000011111111100001111111111
11110000011111111100001111111111
11110000111111111000001111111111
11110000111111110000001111111111
11110000111111100000011111111111
11110000011111000000111111111111
11110000000000000000111111111111
11111000000000000001111111111111
11111000000000000111111111111111
11111110000000001111111111111111
