11111111111110000111111111111111
11111111111000000000111111111111
11111111100000000000011111111111
11111111000000000000001111111111
11111100000000000000000111111111
11111100000000000000000011111111
11111000000011111100000011111111
11111000000111111110000011111111
11111000001111111110000011111111
11111000000111111110000011111111
11111000000001111110000011111111
11111100000000001100000011111111
11111100000000000000000111111111
11111110000000000000000111111111
11111111100000000000001111111111
11111111111000000000011111111111
11111111111100000000111111111111
11111111111000000000011111111111
11111111110000000000001111111111
11111111100000000000001111111111
11111111100000011000000111111111
11111111000000111100000111111111
11111110000001111100000111111111
11111100000001111100000111111111
11111100000011111100000111111111
11111100000111111100000111111111
11111100000111111000000111111111
11111100000111111000001111111111
11111100000111100000001111111111
11111100000000000000011111111111
11111100000000000000111111111111
11111110000000000001111111111111
