11111111100000000000001111111111
11111111000000000000000011111111
11111110000000000000000001111111
11111100000000000000000001111111
11111000000000000000000000111111
11111000000000000000000000111111
11111000000001111100000000111111
11111000000011111110000000111111
11111000000111111110000000111111
11111000000011111110000000111111
11111000000000111100000001111111
11111000000000000000000001111111
11111000000000000000000011111111
11111100000000000000000011111111
11111110000000000000000011111111
11111111100000000000000111111111
11111111100000000000001111111111
11111111000000000000011111111111
11111110000000000000001111111111
11111100000000000000000011111111
11111000000000000000000001111111
11111000000000110000000000011111
11111000000001110000000000011111
11110000000001111000000000001111
11110000000011111110000000001111
11110000000011111110000000001111
11110000000111110000000000011111
11110000000000000000000000011111
11110000000000000000000000011111
11111000000000000000000000011111
11111000000000000000000000111111
11111000000000000000000000111111
