11111111000000000000111111111111
11111110000000000000001111111111
11111100000000000000000111111111
11111000000000000000000011111111
11111000000000000000000011111111
11110000000000000000000001111111
11110000000000000000000001111111
11110000000000000000000001111111
11110000000001110000000000111111
11110000000000110000000000111111
11110000000000000000000001111111
11110000000000000000000001111111
11111000000000000000000001111111
11111000000000000000000011111111
11110000000000000000000111111111
11100000000000000000001111111111
11000000000000000000000011111111
11000000000000000000000001111111
10000000000000000000000000111111
00000000000000000000000000011111
00000000000110000000000000011111
00000000001111100000000000001111
00000000011111110000000000001111
00000000111111111100000000001111
00000000111111111110000000000111
00000000011111111110000000000111
00000000000000000000000000000111
00000000000000000000000000000111
00000000000000000000000000001111
00000000000000000000000000001111
10000000000000000000000000011111
11000000000000000000000000011111
