11111111111111111111111111111111
11111111111111111111111111111111
11111111111111111111111111111111
11111111111111111111111111111111
11111111111111111111111111111111
11111000101100100101010010111111
11100110010011011010101101011111
11101001010100000000000011011111
11110010000000000000000000111111
11100101000000000000000110111111
11110010000000000000010010111111
11100110000100001000010110111111
11110000010011100000110001011111
11101100000000000011001011111111
11100010000000000000011000011111
11111000000000000000100111111111
11101101100000000000010000111111
11110001101000001100001110111111
11100111010000101111000011011111
11110001100000010011001000111111
11100100110001101000000110011111
11110100110001001000001011011111
11110100000001100000000010111111
11100101010000110000010110111111
11101101010000000000111100011111
11111101011000000001001001111111
11101111001000000011010111111111
11100111101101010101110110011111
11110000100011101010100110111111
11111111111111111111111111111111
11111111111111111111111111111111
11111111111111111111111111111111
