11111111111111111111111111111111
11111111111111111111111111111111
11111111111111111111111111111111
11111111111111111111111111111111
11111111111111111111111111111111
11111111111000000000111111111111
11111111100000000000011111111111
11111111000011111110011111111111
11111111001111111110011111111111
11111110001111111110011111111111
11111110011111111110011111111111
11111110011111111100011111111111
11111110011111111100011111111111
11111110011111111000011111111111
11111110011111111000001111111111
11111110000111110001001111111111
11111111000000000011001111111111
11111111110000000111001111111111
11111111111111111111001111111111
11111111111111111111001111111111
11111111111111111111001111111111
11111111111111111111001111111111
11111111111111111111001111111111
11111111111111111110001111111111
11111111111111111110011111111111
11111111111111111110011111111111
11111111111111111110011111111111
11111111111111111110011111111111
11111111111111111110011111111111
11111111111111111110011111111111
11111111111111111110011111111111
11111111111111111110011111111111
