11111111111111111111111111111111
11111111111111111111111111111111
11111111111111111111111111111111
11111111111111111111111111111111
11111111110000000001111111111111
11111111000000000000011111111111
11111100000000000000001111111111
11111100000000000000000111111111
11111000000011111000000011111111
11111000001111111110000011111111
11111000001111111110000011111111
11111000011111111100000011111111
11111000011111111000000011111111
11111000011111110000000011111111
11111000011111000000000011111111
11111000000000000000000011111111
11111000000000000000000111111111
11111100000000000010000111111111
11111110000000011110000111111111
11111111111111111110000111111111
11111111111111111110000111111111
11111111111111111110000111111111
11111111111111111110000111111111
11111111111111111110000111111111
11111111111111111110000111111111
11111111111111111110000111111111
11111111111111111110000111111111
11111111111111111100001111111111
11111111111111111100001111111111
11111111111111111100001111111111
11111111111111111100001111111111
11111111111111111100001111111111
