11111111111111111111111111111111
11111111111111111111111111111111
11111111111111111111111111111111
11111111000000000000111111111111
11111110000000000000001111111111
11111100000000000000001111111111
11111100000000000000000111111111
11111000000000000000000111111111
11110000001111111100000111111111
11110000011111111100000111111111
11110000011111111000000011111111
11110000011111111000000011111111
11110000011111110000000011111111
11110000001110000000000011111111
11110000000000000000000011111111
11111000000000000000000011111111
11111100000000000000000011111111
11111100000000000100000011111111
11111111000000011100000011111111
11111111111111111100000011111111
11111111111111111100000011111111
11111111111111111100000111111111
11111111111111111100000111111111
11111111111111111100000111111111
11111111111111111100000111111111
11111111111111111100000111111111
11111111111111111100000111111111
11111111111111111100000111111111
11111111111111111100000111111111
11111111111111111100000111111111
11111111111111111100000111111111
11111111111111111000000111111111
