11111111111111111111111111111111
11111111111111111111111111111111
11111111111111111111111111111111
11111111001100100101010111111111
11111111011001001010100111111111
11111111101101111101100011111111
11111111001000000010101011111111
11111111110000000001010111111111
11111111100000010001001111111111
11111111100011100000000011111111
11111111000010111000001111111111
11001111000001000100001011111111
10001100000110100100000111111111
10001000000001010000001011111111
10011000000010001000010111111111
10011000000101000000001011111111
10001000000000000000001011111111
10001100100000000000110111111111
11001111010000000000001011111111
11111111010000100001001111111111
11111111010011010000011011111111
11111111101001100000000011111111
11111111100001000000110111111111
11111111010010100001100111111111
11111111101100100010011111111111
11111111100101000011110011111111
11111111011010100100110111111111
11111111111111111111111111111111
11111111111111111111111111111111
11111111111111111111111111111111
11111111111111111111111111111111
11111111111111111111111111111111
